0 0 161 111 111 111 143
0 0 161 111 111 111 143
0 0 161 111 111 111 143
0 0 161 111 111 111 143
1 2 161 111 111 111 143
1 3 161 111 111 111 143
1 4 161 111 111 111 143
1 5 161 111 111 111 143
2 4 161 111 111 111 143
2 6 161 111 111 111 143
2 8 161 111 111 111 143
2 10 161 111 111 111 143
3 6 161 111 111 111 143
3 9 161 111 111 111 143
3 12 161 111 111 111 143
3 15 161 111 111 111 143
4 8 161 111 111 111 143
4 12 161 111 111 111 143
4 16 161 111 111 111 143
4 20 161 111 111 111 143
5 10 161 111 111 111 143
5 15 161 111 111 111 143
5 20 161 111 111 111 143
5 25 161 111 111 111 143
6 12 161 111 111 111 143
6 18 161 111 111 111 143
6 24 161 111 111 111 143
6 30 161 111 111 111 143
7 14 161 111 111 111 143
7 21 161 111 111 111 143
7 28 161 111 111 111 143
7 35 161 111 111 111 143
8 16 161 111 111 111 143
8 24 161 111 111 111 143
8 32 161 111 111 111 143
8 40 161 111 111 111 143
9 18 161 111 111 111 143
9 27 161 111 111 111 143
9 36 161 111 111 111 143
9 45 161 111 111 111 143
